984
966
398
559
448
1229
353
1038
1120
1579
1656
1529
317
1715
1449
1746
1098
886
985
52
1683
1641
504
233
1405
1941
1365
1301
88
1739
1605
301
1715
1930
1113
183
1663
1315
1175
103
906
1131
1547
1153
1948
116
1019
1925
1298
352
783
1042
1862
213
2012
955
479
929
1564
1340
1203
648
715
842
1843
460
26
1523
633
650
1554
1750
952
714
224
722
1681
555
983
1502
578
397
301
1561
1659
429
1674
894
796
1268
979
1355
782
89
1034
22
1672
1541
791
1302
1869
1731
1824
1901
1031
1327
568
1240
327
1178
1376
1989
524
20
1549
1396
1495
388
148
644
171
912
650
222
1576
1782
713
1747
591
516
261
596
1048
302
1201
1457
287
995
1170
1975
1713
1817
1212
152
455
737
1243
1453
1265
410
1067
2017
861
1043
1775
1031
617
619
640
1913
877
1542
1557
1644
946
1318
642
1885
744
656
1013
853
1317
1885
1211
1649
264
332
2008
567
1069
1611
555
593
1323
118
1094
307
433
2012
1842
1781
1266
1679
1102
250
341
1221
1097
1110
508
568
167
559
120
932
1609
1916
1080
1452
1683
197
480
969
1018
656
892
74
979
894
1842
1163
994
259
1260
552
1180
1288
1294
1295
226
1546
996
331
1886
322
567
1516
980
1429
1847
224
732
364
430
696
1703
1148
355
881
904
1071
1908
326
1238
1533
1051
681
570
1558
100
826
922
333
51
34
725
1036
1794
466
2002
917
406
549
810
1445
954
144
1628
1665
700
49
1353
48
1609
332
901
1787
1925
1092
477
1868
620
326
1463
198
1246
522
646
262